# This puzzle is unsolvable
17
  4  66   7  67 241 125 123   5  74  13  76 130 273 177 179  18 180
 68 209 119 208   3 242 207  10  73 220 129  12  16 218  17  14  81
 65   2 234 165  63 210 126  70   6 184 243  15 269 131  77 132 136
121  59 279 170 120 240 122 172 171 127 175 173  75 247 135  19 181
264 168 118  64 267 124 281 211 246  71   8 185  72 217  80  79  78
  1 113  60 117  61 174 270   9 212 214 248 237 219  11 134  22 133
166 114 206 116  58 163 245 263 213 236 176 216  20 182 137  21  23
 62 115 106 239 201 266 276 285 178 280 221 272 283  84  83  28 140
203 202  56 169 251 238 284 265 228 224 191 128 139  27  85  25 141
161 262  52 282 108  69 260 162 258 268 223   0 222  87  96 138  82
159  51 205 199 105 232 233 271 183 255 250  24  86 226  26 186 187
 57 164 198 278 167  45 244 277 252 149 274 261 288 143 190 225 145
 46  54  53 204 156 104  55 193 153 249  94 189  88  30 215 142  91
107 275 155 158 227 287 229 259  44 231 154  89 147  93  32 144  40
110  49  48 235 286 160 152 253 101 254 257 194 100 148  29 146  31
112  50 200 102 196  47 195 103  97 192  98  38  90 188  95  92  35
111 157 109  42  43  99 197  41 256 230  39 151 150  37  34  36  33